-0.1008 -0.1008 0.9639
-0.0882 -0.1008 0.9639
-0.0756 -0.1008 0.9639
-0.0630 -0.1008 0.9639
-0.0504 -0.1008 0.9639
-0.0378 -0.1008 0.9639
-0.0252 -0.1008 0.9639
-0.0126 -0.1008 0.9639
 0.0000 -0.1008 0.9639
 0.0126 -0.1008 0.9639
 0.0252 -0.1008 0.9639
 0.0378 -0.1008 0.9639
 0.0504 -0.1008 0.9639
 0.0630 -0.1008 0.9639
 0.0756 -0.1008 0.9639
 0.0882 -0.1008 0.9639
 0.1008 -0.1008 0.9639
-0.1008 -0.0882 0.9639
-0.0882 -0.0882 0.9639
-0.0756 -0.0882 0.9639
-0.0630 -0.0882 0.9639
-0.0504 -0.0882 0.9639
-0.0378 -0.0882 0.9639
-0.0252 -0.0882 0.9639
-0.0126 -0.0882 0.9639
 0.0000 -0.0882 0.9639
 0.0126 -0.0882 0.9639
 0.0252 -0.0882 0.9639
 0.0378 -0.0882 0.9639
 0.0504 -0.0882 0.9639
 0.0630 -0.0882 0.9639
 0.0756 -0.0882 0.9639
 0.0882 -0.0882 0.9639
 0.1008 -0.0882 0.9639
-0.1008 -0.0756 0.9639
-0.0882 -0.0756 0.9639
-0.0756 -0.0756 0.9639
-0.0630 -0.0756 0.9639
-0.0504 -0.0756 0.9639
-0.0378 -0.0756 0.9639
-0.0252 -0.0756 0.9639
-0.0126 -0.0756 0.9639
 0.0000 -0.0756 0.9639
 0.0126 -0.0756 0.9639
 0.0252 -0.0756 0.9639
 0.0378 -0.0756 0.9639
 0.0504 -0.0756 0.9639
 0.0630 -0.0756 0.9639
 0.0756 -0.0756 0.9639
 0.0882 -0.0756 0.9639
 0.1008 -0.0756 0.9639
-0.1008 -0.0630 0.9639
-0.0882 -0.0630 0.9639
-0.0756 -0.0630 0.9639
-0.0630 -0.0630 0.9639
-0.0504 -0.0630 0.9639
-0.0378 -0.0630 0.9639
-0.0252 -0.0630 0.9639
-0.0126 -0.0630 0.9639
 0.0000 -0.0630 0.9639
 0.0126 -0.0630 0.9639
 0.0252 -0.0630 0.9639
 0.0378 -0.0630 0.9639
 0.0504 -0.0630 0.9639
 0.0630 -0.0630 0.9639
 0.0756 -0.0630 0.9639
 0.0882 -0.0630 0.9639
 0.1008 -0.0630 0.9639
-0.1008 -0.0504 0.9639
-0.0882 -0.0504 0.9639
-0.0756 -0.0504 0.9639
-0.0630 -0.0504 0.9639
-0.0504 -0.0504 0.9639
-0.0378 -0.0504 0.9639
-0.0252 -0.0504 0.9639
-0.0126 -0.0504 0.9639
 0.0000 -0.0504 0.9639
 0.0126 -0.0504 0.9639
 0.0252 -0.0504 0.9639
 0.0378 -0.0504 0.9639
 0.0504 -0.0504 0.9639
 0.0630 -0.0504 0.9639
 0.0756 -0.0504 0.9639
 0.0882 -0.0504 0.9639
 0.1008 -0.0504 0.9639
-0.1008 -0.0378 0.9639
-0.0882 -0.0378 0.9639
-0.0756 -0.0378 0.9639
-0.0630 -0.0378 0.9639
-0.0504 -0.0378 0.9639
-0.0378 -0.0378 0.9639
-0.0252 -0.0378 0.9639
-0.0126 -0.0378 0.9639
 0.0000 -0.0378 0.9639
 0.0126 -0.0378 0.9639
 0.0252 -0.0378 0.9639
 0.0378 -0.0378 0.9639
 0.0504 -0.0378 0.9639
 0.0630 -0.0378 0.9639
 0.0756 -0.0378 0.9639
 0.0882 -0.0378 0.9639
 0.1008 -0.0378 0.9639
-0.1008 -0.0252 0.9639
-0.0882 -0.0252 0.9639
-0.0756 -0.0252 0.9639
-0.0630 -0.0252 0.9639
-0.0504 -0.0252 0.9639
-0.0378 -0.0252 0.9639
-0.0252 -0.0252 0.9639
-0.0126 -0.0252 0.9639
 0.0000 -0.0252 0.9639
 0.0126 -0.0252 0.9639
 0.0252 -0.0252 0.9639
 0.0378 -0.0252 0.9639
 0.0504 -0.0252 0.9639
 0.0630 -0.0252 0.9639
 0.0756 -0.0252 0.9639
 0.0882 -0.0252 0.9639
 0.1008 -0.0252 0.9639
-0.1008 -0.0126 0.9639
-0.0882 -0.0126 0.9639
-0.0756 -0.0126 0.9639
-0.0630 -0.0126 0.9639
-0.0504 -0.0126 0.9639
-0.0378 -0.0126 0.9639
-0.0252 -0.0126 0.9639
-0.0126 -0.0126 0.9639
 0.0000 -0.0126 0.9639
 0.0126 -0.0126 0.9639
 0.0252 -0.0126 0.9639
 0.0378 -0.0126 0.9639
 0.0504 -0.0126 0.9639
 0.0630 -0.0126 0.9639
 0.0756 -0.0126 0.9639
 0.0882 -0.0126 0.9639
 0.1008 -0.0126 0.9639
-0.1008  0.0000 0.9639
-0.0882  0.0000 0.9639
-0.0756  0.0000 0.9639
-0.0630  0.0000 0.9639
-0.0504  0.0000 0.9639
-0.0378  0.0000 0.9639
-0.0252  0.0000 0.9639
-0.0126  0.0000 0.9639
 0.0000  0.0000 0.9639
 0.0126  0.0000 0.9639
 0.0252  0.0000 0.9639
 0.0378  0.0000 0.9639
 0.0504  0.0000 0.9639
 0.0630  0.0000 0.9639
 0.0756  0.0000 0.9639
 0.0882  0.0000 0.9639
 0.1008  0.0000 0.9639
-0.1008  0.0126 0.9639
-0.0882  0.0126 0.9639
-0.0756  0.0126 0.9639
-0.0630  0.0126 0.9639
-0.0504  0.0126 0.9639
-0.0378  0.0126 0.9639
-0.0252  0.0126 0.9639
-0.0126  0.0126 0.9639
 0.0000  0.0126 0.9639
 0.0126  0.0126 0.9639
 0.0252  0.0126 0.9639
 0.0378  0.0126 0.9639
 0.0504  0.0126 0.9639
 0.0630  0.0126 0.9639
 0.0756  0.0126 0.9639
 0.0882  0.0126 0.9639
 0.1008  0.0126 0.9639
-0.1008  0.0252 0.9639
-0.0882  0.0252 0.9639
-0.0756  0.0252 0.9639
-0.0630  0.0252 0.9639
-0.0504  0.0252 0.9639
-0.0378  0.0252 0.9639
-0.0252  0.0252 0.9639
-0.0126  0.0252 0.9639
 0.0000  0.0252 0.9639
 0.0126  0.0252 0.9639
 0.0252  0.0252 0.9639
 0.0378  0.0252 0.9639
 0.0504  0.0252 0.9639
 0.0630  0.0252 0.9639
 0.0756  0.0252 0.9639
 0.0882  0.0252 0.9639
 0.1008  0.0252 0.9639
-0.1008  0.0378 0.9639
-0.0882  0.0378 0.9639
-0.0756  0.0378 0.9639
-0.0630  0.0378 0.9639
-0.0504  0.0378 0.9639
-0.0378  0.0378 0.9639
-0.0252  0.0378 0.9639
-0.0126  0.0378 0.9639
 0.0000  0.0378 0.9639
 0.0126  0.0378 0.9639
 0.0252  0.0378 0.9639
 0.0378  0.0378 0.9639
 0.0504  0.0378 0.9639
 0.0630  0.0378 0.9639
 0.0756  0.0378 0.9639
 0.0882  0.0378 0.9639
 0.1008  0.0378 0.9639
-0.1008  0.0504 0.9639
-0.0882  0.0504 0.9639
-0.0756  0.0504 0.9639
-0.0630  0.0504 0.9639
-0.0504  0.0504 0.9639
-0.0378  0.0504 0.9639
-0.0252  0.0504 0.9639
-0.0126  0.0504 0.9639
 0.0000  0.0504 0.9639
 0.0126  0.0504 0.9639
 0.0252  0.0504 0.9639
 0.0378  0.0504 0.9639
 0.0504  0.0504 0.9639
 0.0630  0.0504 0.9639
 0.0756  0.0504 0.9639
 0.0882  0.0504 0.9639
 0.1008  0.0504 0.9639
-0.1008  0.0630 0.9639
-0.0882  0.0630 0.9639
-0.0756  0.0630 0.9639
-0.0630  0.0630 0.9639
-0.0504  0.0630 0.9639
-0.0378  0.0630 0.9639
-0.0252  0.0630 0.9639
-0.0126  0.0630 0.9639
 0.0000  0.0630 0.9639
 0.0126  0.0630 0.9639
 0.0252  0.0630 0.9639
 0.0378  0.0630 0.9639
 0.0504  0.0630 0.9639
 0.0630  0.0630 0.9639
 0.0756  0.0630 0.9639
 0.0882  0.0630 0.9639
 0.1008  0.0630 0.9639
-0.1008  0.0756 0.9639
-0.0882  0.0756 0.9639
-0.0756  0.0756 0.9639
-0.0630  0.0756 0.9639
-0.0504  0.0756 0.9639
-0.0378  0.0756 0.9639
-0.0252  0.0756 0.9639
-0.0126  0.0756 0.9639
 0.0000  0.0756 0.9639
 0.0126  0.0756 0.9639
 0.0252  0.0756 0.9639
 0.0378  0.0756 0.9639
 0.0504  0.0756 0.9639
 0.0630  0.0756 0.9639
 0.0756  0.0756 0.9639
 0.0882  0.0756 0.9639
 0.1008  0.0756 0.9639
-0.1008  0.0882 0.9639
-0.0882  0.0882 0.9639
-0.0756  0.0882 0.9639
-0.0630  0.0882 0.9639
-0.0504  0.0882 0.9639
-0.0378  0.0882 0.9639
-0.0252  0.0882 0.9639
-0.0126  0.0882 0.9639
 0.0000  0.0882 0.9639
 0.0126  0.0882 0.9639
 0.0252  0.0882 0.9639
 0.0378  0.0882 0.9639
 0.0504  0.0882 0.9639
 0.0630  0.0882 0.9639
 0.0756  0.0882 0.9639
 0.0882  0.0882 0.9639
 0.1008  0.0882 0.9639
-0.1008  0.1008 0.9639
-0.0882  0.1008 0.9639
-0.0756  0.1008 0.9639
-0.0630  0.1008 0.9639
-0.0504  0.1008 0.9639
-0.0378  0.1008 0.9639
-0.0252  0.1008 0.9639
-0.0126  0.1008 0.9639
 0.0000  0.1008 0.9639
 0.0126  0.1008 0.9639
 0.0252  0.1008 0.9639
 0.0378  0.1008 0.9639
 0.0504  0.1008 0.9639
 0.0630  0.1008 0.9639
 0.0756  0.1008 0.9639
 0.0882  0.1008 0.9639
 0.1008  0.1008 0.9639
